

epoch: 1
training_loss: 81.46176904053472,   Train_accuracy:0.09251450364958287
validation_loss: 1.1066173028000355   Validation_accuracy:[0.09861832611477163]

epoch: 1
training_loss: 65.32829646913682,   Train_accuracy:0.0868592344317709
validation_loss: 1.18953282590125   Validation_accuracy:[0.0922940391504459]

epoch: 2
training_loss: 1.1372284659881564,   Train_accuracy:0.10052688392231104
validation_loss: 1.1685910208463162   Validation_accuracy:[0.0922940391504459, 0.10213832652378023]

epoch: 3
training_loss: 1.0964645321361481,   Train_accuracy:0.10973130018372743
validation_loss: 1.09988333376603   Validation_accuracy:[0.0922940391504459, 0.10213832652378023, 0.1112147000584622]