

epoch: 1
training_loss: 0.5538408445825,   Train_accuracy:0.37304241375737246
validation_loss: 0.553258452039437   Validation_accuracy:[0.381177610598287]

epoch: 2
training_loss: 0.413343120609225,   Train_accuracy:0.4318361496081887
validation_loss: 0.5981596666294456   Validation_accuracy:[0.381177610598287, 0.33240718295943006]

epoch: 3
training_loss: 0.37623337604169854,   Train_accuracy:0.44884128872039025
validation_loss: 0.6792965289330323   Validation_accuracy:[0.381177610598287, 0.33240718295943006, 0.4181450529140969]

epoch: 4
training_loss: 0.3533103015136269,   Train_accuracy:0.45961027263389276
validation_loss: 0.5635397886269845   Validation_accuracy:[0.381177610598287, 0.33240718295943006, 0.4181450529140969, 0.4201810367095279]